163,Aaliyah,59.717967,24.439420,50.412332,11.900579,8.462381
780,Aaniyah,59.324801,16.081334,78.824508,97.668630,23.285435
649,Aarya,30.134962,50.361040,1.269278,0.031723,0.025921
931,Abigail,36.740737,49.136789,81.133774,38.594278,31.741645
136,Ada,44.383968,28.943529,5.155318,37.081862,33.877129
731,Adalee,26.289017,36.884057,34.742088,86.091621,87.014997
509,Adaleigh,45.940338,32.162693,9.253668,69.831790,80.081050
275,Adalind,37.691430,32.317829,39.830199,25.385639,22.043020
346,Adaline,22.753905,11.632750,7.399109,84.437736,38.721058
592,Adalyn,27.084461,26.578071,87.759671,61.431615,13.986415
616,Adalynn,31.183981,11.349207,49.821331,0.628644,35.621560
84,Addalyn,43.954287,15.672402,54.620856,11.562818,86.127510
968,Addison,34.760760,37.040824,3.702787,93.732314,32.626075
973,Addisyn,39.383145,30.847201,70.603970,72.618230,86.647472
427,Adelaide,44.501831,27.880128,15.593329,66.817848,32.231169
860,Adelia,48.404357,34.822818,94.497147,90.922376,17.176207
93,Adella,40.645434,21.639804,8.964428,76.937097,76.011218
975,Adelyn,39.099189,38.455649,37.973641,2.074206,84.634612
980,Adelynn,55.863368,17.131498,82.162705,70.013700,82.368385
475,Adilene,47.890817,12.711874,89.655005,50.012606,92.353938
685,Adilynn,55.198336,13.774072,75.294235,68.336827,97.890082
944,Adira,30.132183,52.520325,26.669324,65.697178,57.184715
5,Adley,39.991140,34.642045,67.816350,86.117824,85.214712
733,Adriana,36.986863,12.406533,56.413090,88.133508,73.207509
359,Adrianna,31.372391,40.422034,0.859867,4.140026,88.857350
96,Adrienne,48.877843,20.549480,75.963149,42.169448,78.054976
745,Aila,35.494843,35.982274,41.057347,42.143908,38.249814
933,Ailani,55.496235,38.582522,50.000035,9.635617,27.324194
86,Ainsley,32.270606,55.831908,97.822423,67.646868,30.598144
501,Aislinn,35.017284,14.888569,54.947674,30.004070,21.747843
790,Aislynn,30.248491,44.398259,89.289301,82.053627,69.381887
343,Aitana,52.369255,47.496566,56.756403,3.354304,72.476804
890,Aiyana,26.621331,36.565128,25.280945,29.677751,97.771620
588,Alaia,20.726682,34.017384,55.982269,43.778740,92.799935
909,Alana,51.091197,23.941981,45.302754,32.994538,22.563931
960,Alani,46.208997,14.707881,48.998843,20.964068,43.333538
521,Alanna,23.512959,49.752285,62.278668,76.159032,18.905533
79,Alaya,52.761662,38.762840,27.686091,45.964000,4.808753
740,Alayah,45.644446,15.942731,69.312891,10.760566,70.541456
377,Alayna,33.000313,52.380405,30.029413,29.459386,91.014134
753,Aleigha,38.119995,13.653269,38.099805,36.223397,0.600529
360,Alejandra,28.375254,16.943443,76.748756,28.246148,27.200467
170,Alena,51.008165,47.757067,17.851334,51.191082,94.405016
354,Alexa,30.415372,51.961690,24.230213,26.631448,94.141213
547,Alexandria,46.424237,59.965086,76.799942,80.515116,53.038872
129,Aleyah,47.514020,44.289412,91.314977,98.861470,24.877945
452,Alia,30.110539,12.187227,69.648651,57.037105,66.355722
408,Aliana,40.499538,46.474263,57.653213,15.879573,6.790354
770,Alianna,46.060130,32.524755,62.234342,96.122348,15.740548
579,Alice,38.965298,43.123522,87.695720,79.016344,63.451202
149,Alina,41.530863,39.055830,27.456357,68.426695,79.352106
877,Alisa,24.156694,41.877455,46.827629,16.684904,19.930634
651,Alisha,39.003122,39.162388,33.595461,25.549120,92.241592
122,Alison,34.808829,41.313044,11.548723,71.947135,65.265223
527,Alisson,42.661806,52.864585,2.303775,35.518909,90.461047
948,Alivia,38.917150,52.672662,77.363399,30.076174,79.698421
555,Aliya,42.860018,58.875504,20.279915,11.374755,88.947533
59,Aliyah,28.348696,21.251996,36.988892,65.413455,29.904861
657,Aliyana,42.166026,45.471130,45.846246,68.358714,18.125529
727,Aliza,32.239136,58.304396,38.230396,71.868477,32.149883
755,Allie,59.927088,19.143175,13.901158,86.847776,74.040176
668,Allison,51.369924,14.620755,4.097378,50.343998,61.607090
885,Althea,59.335923,18.594530,90.224290,45.719022,22.806658
913,Alyson,34.307652,20.806157,75.577240,84.021530,65.981330
766,Alyssa,44.044317,13.091639,20.282880,2.706919,91.470041
899,Alyvia,32.805958,55.022310,9.123374,31.894448,15.002748
95,Amaia,24.437401,40.433530,3.667584,70.571564,87.577404
469,Amalia,51.009996,10.443331,66.619150,20.690434,71.709791
872,Amanda,35.571242,27.801823,64.990666,71.134998,52.021275
269,Amani,22.789938,29.248812,61.984957,67.827613,93.557074
495,Amara,47.082851,35.085592,30.006754,60.143591,14.892538
234,Amaria,48.370989,41.321636,76.495367,21.448128,2.322818
235,Amaris,43.861733,53.820274,0.112392,24.552922,9.806944
796,Amaya,37.359343,43.991904,23.557434,69.574455,14.411668
222,Amelia,53.369674,47.529789,91.591004,5.411300,73.073319
886,Amelie,26.775014,46.408535,81.902401,72.565052,72.431410
159,America,44.567696,31.937837,24.197367,3.084610,68.622836
816,Amethyst,38.269652,28.921058,89.593798,44.591971,85.824263
320,Amia,21.575944,38.200660,5.128060,66.202304,9.518317
842,Amiah,20.495864,27.981482,7.066049,41.694517,12.343165
583,Amina,23.440801,29.636917,23.702357,81.783771,17.069986
324,Aminah,24.284024,53.763992,72.017988,48.656046,65.297514
972,Amiracle,52.147386,16.750385,75.802340,82.083387,11.265925
437,Amiyah,41.803555,51.546776,94.467634,0.186657,43.365604
329,Amora,38.822868,34.871198,55.953406,11.101323,20.029177
42,Amy,36.275983,48.639888,85.989575,82.931713,58.971256
554,Ana,37.057441,33.025933,90.127416,84.423660,68.259025
312,Anabella,57.416163,17.505126,40.421085,96.792138,96.170938
568,Anabelle,21.333664,44.388842,96.181232,69.592940,95.199396
805,Anais,56.609634,24.297465,6.125083,87.313275,80.847479
465,Analia,46.458037,41.686161,86.089254,83.429910,36.981835
172,Analiah,44.443115,21.156571,27.811389,46.827292,69.135616
698,Analise,41.658306,47.508255,58.253088,21.025068,50.838628
233,Anastasia,32.675248,23.518693,36.818658,5.429932,49.711688
560,Anaya,56.031552,30.898939,11.321824,65.178821,86.923041
294,Anayah,21.817464,44.186424,72.400452,39.560388,31.803167
581,Andi,55.015436,54.270793,20.074767,90.787904,82.600482
36,Andie,36.813628,18.395471,86.427950,17.670978,58.786251
349,Andrea,56.937314,31.624616,82.932851,3.802995,72.591809
203,Angel,49.977813,14.885123,33.989320,86.143781,93.423315
964,Angela,59.157197,25.942117,55.787398,44.893013,78.555642
545,Angelina,21.122522,55.835573,87.761421,30.840081,20.042090
165,Ania,47.059035,18.496149,20.957648,44.276028,82.798525
864,Anika,24.922447,40.073112,89.913799,47.564107,41.244629
669,Aniyah,31.474979,12.556393,51.042519,79.405597,48.735626
483,Anja,58.894713,42.122755,1.898724,96.790508,71.048058
722,Annabelle,44.901303,19.106401,98.127757,94.392116,55.110491
426,Annalee,26.300858,55.941813,37.890838,44.955084,57.493222
69,Annaliese,43.509669,28.957558,11.453644,19.990349,98.076319
607,Annalise,21.110400,24.466634,20.458180,64.555352,33.230694
904,Annelise,30.877712,40.688585,28.433133,80.196498,10.078908
368,Annie,33.924418,31.335338,10.809132,14.571203,38.546587
935,Annika,51.392905,51.992542,25.116933,12.771913,19.092225
763,Ansley,58.445611,33.334634,80.113632,10.047472,29.327617
401,Anya,45.615154,55.491357,46.244773,6.501320,94.202125
628,Arabella,45.337511,13.789106,28.585307,5.186791,9.337128
819,Araceli,39.230031,39.685483,60.231246,21.521605,42.353821
976,Aranza,22.121227,13.111210,61.023967,61.057028,11.504835
10,Areli,34.507976,52.467338,80.609639,32.417840,97.914583
300,Arella,30.934150,52.700331,78.452841,7.811621,7.080396
811,Arely,50.228607,31.190878,29.534698,6.364280,20.682594
781,Ari,53.865037,11.808597,44.272840,13.523538,13.617029
230,Aria,56.113893,36.027119,25.225742,28.593701,31.626584
716,Ariadna,37.347462,51.192859,40.359738,64.565635,68.745258
575,Ariadne,47.490255,20.710213,34.434279,91.923960,34.240484
956,Ariah,46.360104,21.659736,19.977045,48.345588,65.011378
341,Ariana,52.970351,13.098147,51.723409,78.100613,86.477094
862,Arianna,51.424824,50.016156,88.255316,16.336810,46.671482
67,Ariel,28.862706,44.005402,27.085301,61.360532,51.347279
52,Ariella,29.543412,28.549127,60.011859,7.732954,34.847574
851,Arielle,41.704382,13.217027,18.298160,43.908183,28.315815
609,Ariya,23.873412,53.240193,81.971522,1.499473,1.667271
492,Ariyana,35.537638,50.794427,72.261741,6.515111,98.410782
432,Arlette,37.568950,43.727390,46.788489,38.218605,41.272737
897,Armani,26.079833,38.232397,98.780215,94.991879,70.224866
673,Arya,54.291217,38.570125,48.946397,12.561416,94.859805
347,Ashlyn,48.269887,57.563716,32.174576,34.850958,87.920858
880,Aspen,59.155284,59.694384,6.979064,93.809925,64.769876
761,Aspyn,32.888466,15.107480,15.388851,49.189361,36.419200
720,Astrid,45.134319,55.833219,93.664661,63.417920,82.950812
567,Athena,28.902036,40.846820,70.911973,50.194434,98.490805
155,Aubree,58.633765,24.962967,66.024216,34.942805,23.367063
815,Aubrey,32.037964,57.956775,36.399012,57.392538,23.112148
459,Aubriella,23.158238,18.073296,29.024605,16.030258,19.665319
831,Aubry,33.838813,39.631131,87.428385,21.800590,45.634509
742,Aubryn,54.658875,39.878310,55.440998,60.034963,25.991571
597,Aurelia,40.507277,51.419944,36.522764,0.164122,84.778397
232,Aurora,21.279708,52.940088,26.592010,5.618715,29.975182
640,Austyn,42.252896,46.018720,11.085603,2.757802,10.934124
92,Autumn,24.016413,27.674482,61.187792,57.972540,78.159659
355,Avah,31.749275,49.877570,14.545904,91.904130,92.673663
265,Avalee,26.150958,38.624920,21.277253,6.343681,85.280554
425,Avalynn,27.396289,57.975703,12.542434,63.803529,31.467491
175,Averie,38.854890,30.637122,44.942960,45.077458,82.859548
479,Avery,45.957144,26.294448,64.558757,8.857230,31.059670
600,Avi,31.004545,17.967733,89.331638,23.669222,45.341994
317,Aviana,39.914172,12.968364,90.679770,13.253938,15.170210
156,Avianna,41.011149,50.856476,28.812431,88.629430,56.811220
319,Aviva,27.760987,24.585720,33.587447,59.422616,36.488773
214,Aya,59.149269,36.079373,28.857461,28.697921,20.916225
140,Ayana,34.509413,15.124935,71.253536,14.003551,9.880296
809,Ayla,25.282312,47.153754,71.677130,89.077755,49.033921
807,Ayleen,38.079955,27.656545,61.864259,16.621875,90.123421
242,Azalea,32.262307,38.135638,64.108055,63.922052,74.291453
986,Azariah,42.566477,25.629774,74.461844,94.742529,77.147950
850,Azeneth,27.897070,44.087993,20.682866,38.045339,71.975192
580,Barbara,56.433895,39.343987,64.715763,87.135373,80.908427
542,Baylee,26.382160,34.051401,17.057890,74.119541,88.870674
506,Beatriz,21.721893,27.656154,89.144824,71.478529,44.372245
878,Belen,58.307786,23.695001,47.751100,47.524384,28.268192
9,Bella,29.656299,50.635606,29.818783,30.132232,98.019500
544,Bellamy,23.459738,59.252332,3.620461,12.157575,46.644516
404,Belle,28.866518,35.612118,22.848880,23.088014,62.250360
925,Berkley,59.950638,53.332993,29.047435,73.279571,30.155610
992,Bexleigh,38.557966,22.926876,72.132763,40.524233,60.413798
613,Bexley,43.653200,29.136125,62.232380,30.934321,26.343554
238,Bianca,47.824886,36.730728,86.225220,76.588883,77.524560
655,Blair,52.001099,22.457543,96.528205,98.901246,6.071359
663,Blake,49.372372,55.567447,43.254919,85.016043,20.590953
376,Blakely,27.812248,43.151261,76.165363,26.967604,85.696341
91,Bonnie,40.260605,15.485776,98.239262,48.385924,27.171928
439,Braelyn,52.601098,51.932165,53.206682,26.582976,28.436191
369,Braylee,35.966128,47.137330,49.610488,38.342169,5.923083
417,Bree,50.236441,10.115486,50.354913,76.434731,42.599216
723,Brenda,26.306008,41.293099,36.484661,11.406063,59.189237
310,Brenna,54.431435,48.585926,75.602463,58.210888,30.171857
826,Bri,58.998646,31.672262,90.626130,91.950590,9.216274
912,Bria,44.892617,10.492513,24.132424,14.014501,51.454030
845,Brianna,52.314422,27.436425,22.962188,21.663900,96.625447
177,Bridget,30.271054,26.348443,42.176401,62.313299,65.468692
468,Bridie,26.715076,55.720539,3.005409,8.291804,78.485868
245,Briella,50.177897,11.614260,97.516300,59.589784,22.242501
696,Brielle,20.440500,48.452253,70.210338,54.710533,17.375348
556,Brinley,25.072631,48.776861,44.135735,52.931807,22.409247
110,Briseis,35.376291,50.660123,22.397902,87.744175,74.157871
684,Bristol,32.986403,47.549799,21.412672,24.796471,44.736675
539,Brittany,51.647190,17.852807,94.234834,92.593948,57.936422
566,Brooke,54.034535,41.614925,77.156557,46.847220,53.449999
788,Brooklynn,52.361146,52.060027,63.541272,1.782145,12.312530
423,Bryn,22.376276,12.836681,90.431215,42.660625,74.250391
440,Brynlee,54.421363,49.766462,3.126033,32.205602,10.978797
218,Brynn,22.384985,31.439718,58.276240,84.564799,53.469764
457,Cadence,59.752521,59.267281,86.018734,13.337867,79.675445
635,Cali,40.519733,54.499846,47.721072,63.301996,50.642273
99,Calista,52.886055,25.035665,76.079199,32.279757,62.864010
789,Calla,37.578743,41.281880,50.743130,14.515579,11.026915
830,Callan,53.963863,36.471550,54.383441,58.916270,52.589904
182,Callie,53.190185,46.144269,18.968830,75.965934,88.351674
644,Cambria,48.141344,26.251898,67.781380,18.004865,75.876371
941,Cambrie,40.704360,57.784642,38.499443,24.712333,85.525144
394,Camila,33.270821,34.689973,24.986969,93.570180,57.527800
524,Camilla,40.689364,11.659962,93.264434,52.435818,4.819857
817,Camille,21.073668,56.429831,58.699165,40.785756,22.505788
785,Carleigh,53.696514,53.259476,20.671708,8.695501,94.319662
388,Carmen,57.379375,33.854125,95.086854,38.005576,16.996233
143,Carol,21.657902,59.414417,30.629476,6.162690,29.195185
219,Carolina,57.125831,53.771233,2.827047,63.372021,30.251300
191,Caroline,49.927445,46.317165,13.083413,86.936311,1.143305
558,Carter,54.768660,24.350194,30.687010,23.771941,66.004003
741,Cassidy,31.974418,17.681662,1.017383,87.479322,47.184019
47,Cassie,37.515463,47.615020,59.003725,27.748577,18.202934
385,Cataleya,23.415461,32.913488,52.705699,21.786814,89.111920
201,Catalina,48.734314,17.347582,75.074033,46.436334,28.575551
586,Catherine,26.583355,57.266717,92.249727,96.985070,87.226375
261,Caylee,41.117144,59.706877,90.769451,58.426157,6.311574
719,Cayleigh,56.686352,21.012665,9.727201,8.510749,12.503073
694,Cayley,54.082733,37.502522,45.145141,68.075645,25.649932
618,Cecelia,30.851742,14.549043,91.752748,0.801711,65.422540
810,Cecilia,59.543006,53.150155,94.867049,55.362559,19.813529
224,Celeste,27.519133,35.659501,78.514521,51.583666,34.812989
384,Celina,30.673417,49.348472,99.730596,0.220543,68.081922
132,Celine,52.907859,21.613924,48.222730,74.562571,60.689028
541,Chana,54.376389,45.571581,94.457041,20.855461,17.543376
920,Chanel,21.099706,50.157320,37.200652,8.133574,51.735896
273,Charlee,35.933044,10.321645,3.639634,72.859216,55.799297
416,Charleigh,47.615751,44.885544,89.993572,44.630046,95.554889
76,Charley,43.112374,27.070541,12.137131,96.857453,89.309578
892,Charlie,59.175905,46.144340,50.408025,9.500611,67.759055
207,Charlotte,37.433115,10.840456,78.627821,43.214080,39.404539
656,Chaya,57.892252,20.722834,98.665105,61.774774,27.756207
17,Cherish,59.922673,48.641757,58.164527,14.748621,31.058848
671,Christina,48.331343,30.317533,4.397661,48.118447,27.705210
947,Christine,25.351519,37.301417,31.167605,23.537000,24.298757
213,Ciara,21.484929,54.601872,41.145922,66.293233,97.206544
779,Cindy,36.765958,12.144014,61.741988,10.507961,49.417146
614,Claire,42.597905,46.482069,56.664371,47.209815,89.882473
138,Clara,29.597201,52.009486,37.829166,14.131408,20.962382
967,Clare,38.640549,21.074429,24.504175,75.989156,71.909337
431,Clarissa,34.669093,35.301519,81.833849,90.449133,4.252932
591,Claudia,21.847687,24.427105,33.695595,22.985569,6.692883
458,Clementine,34.235399,19.368580,59.373339,21.636453,90.049984
33,Coco,21.071472,26.510578,48.950393,12.820027,87.492537
735,Colette,35.921092,11.138387,16.683268,73.134042,19.774335
204,Colleen,27.537296,28.425555,41.442527,34.915779,65.225039
116,Collins,21.806353,42.095876,7.395067,70.492573,66.166539
638,Cora,56.351468,49.836477,33.273660,50.070583,35.014240
553,Coraline,34.577910,24.971090,70.709223,23.890840,66.018296
481,Coralynn,41.161647,41.969713,9.576797,29.688074,2.848239
921,Cordelia,46.297221,57.945199,34.219300,60.267824,4.439623
922,Crystal,42.221350,40.972579,65.669311,62.171819,2.902011
601,Cynthia,47.001970,22.205211,99.649230,37.310783,30.436917
881,Dahlia,57.601022,41.242181,40.191341,37.806066,30.887634
802,Daisy,34.040253,13.117920,92.379795,63.980555,9.395041
905,Dakota,42.064661,22.787523,74.771423,10.610272,93.664121
397,Dalary,27.393073,11.599383,36.015018,72.077869,26.730283
632,Daleyza,40.442922,48.892893,24.437221,82.646752,50.966574
611,Dalia,58.059267,17.792087,25.000857,98.263812,5.965338
926,Dalilah,42.021786,47.209677,40.209260,64.352826,35.433438
752,Dani,46.951232,25.276760,28.146731,57.429992,48.367528
383,Danica,57.254680,18.953010,38.820442,39.871690,46.864207
765,Daniela,34.506310,19.578189,16.426397,93.111193,10.398611
540,Daniella,40.703372,42.921514,10.022905,34.164155,40.106276
930,Danielle,25.033276,32.171794,68.492356,3.333883,50.731960
907,Danna,43.260540,44.183476,22.237520,79.788299,93.238439
186,Daphne,36.164005,18.623256,73.495802,39.891911,12.099600
928,Darcy,35.900166,54.910961,34.802333,85.222432,52.757046
982,Davina,23.896676,50.424604,8.071893,58.091412,3.039544
486,Dayanara,51.944518,19.600990,56.440610,42.253482,54.304450
508,Deanna,28.341421,53.732893,67.305226,27.101963,15.962534
282,Deborah,26.975846,28.962729,11.238522,49.119249,24.489313
636,Delaney,46.946956,26.213004,48.910825,48.930802,81.960666
351,Delia,51.234506,40.134982,45.492244,68.578880,67.247405
66,Delilah,53.636423,53.091989,85.869074,54.144365,36.109551
293,Della,29.487810,29.472570,87.829945,42.409528,22.679198
278,Demi,45.778376,40.372366,30.492324,35.539033,13.349142
429,Denise,57.550277,32.715639,94.579242,92.654562,63.324709
267,Desiree,35.785696,30.836450,44.222731,41.316341,16.734277
216,Destinee,56.946182,42.426127,83.875650,53.663123,41.724215
148,Destiny,55.423067,13.937804,6.729391,21.056386,88.144564
446,Devin,45.801288,56.538546,30.727212,33.445228,81.552341
995,Devyn,52.640543,17.703742,38.024881,83.796790,55.021784
23,Diamond,34.822986,56.170160,14.111994,65.626503,24.073152
151,Diana,48.434403,41.212481,45.815010,8.501840,85.896598
57,Dorothy,45.281477,54.568567,0.360419,60.556050,6.782680
444,Dulce,44.510258,37.823841,23.129861,39.431413,6.297602
693,Dylan,36.062088,58.099163,35.477085,47.835724,72.485542
288,Eden,27.673713,57.054409,26.974798,87.702815,12.416799
737,Edie,34.186293,13.772963,91.735924,30.331361,10.434043
104,Edith,22.194351,50.244378,59.358573,14.320818,83.684256
135,Effie,28.415071,28.753121,86.906911,18.292174,41.280156
75,Eileen,32.207627,35.957583,4.099458,32.325573,15.729107
664,Eisabella,36.659033,58.922207,28.453362,66.935318,85.788828
48,Eisley,26.451871,10.807540,26.390664,37.688757,39.762682
910,Elaina,25.733554,29.248685,64.636715,25.959699,44.897810
705,Eleanor,51.704231,52.535954,74.381230,10.688062,60.540084
697,Eleanore,28.100012,53.770362,84.606949,87.599713,62.372691
433,Elena,28.530201,57.534174,22.413055,18.871592,58.006001
747,Elia,57.725591,24.648161,92.417753,95.823171,27.625290
246,Eliana,48.343199,52.798614,70.659943,3.917393,23.633990
989,Elin,43.114274,59.446274,39.166178,21.803992,40.603651
706,Elina,32.571407,27.304844,54.002328,4.586303,33.131328
889,Elinor,45.790031,12.707270,9.575237,45.282340,15.798072
127,Eliora,41.463870,10.085499,8.354915,53.043007,28.616762
115,Elise,48.853638,42.628854,24.653012,61.318615,12.253048
827,Eliza,20.091588,10.595706,68.103590,82.197393,36.146021
121,Elizabeth,27.616984,29.841699,8.192922,99.676220,10.745601
759,Ella,35.301810,16.424806,39.359388,36.962560,5.837709
608,Elleanna,23.827532,27.829996,33.551695,78.600647,9.524013
777,Ellen,36.053519,28.636278,50.854736,92.999444,38.456137
623,Elliana,57.367321,50.379678,74.749124,66.790904,29.613406
53,Ellie,58.958968,42.627393,61.786162,22.657590,76.477222
589,Elliot,57.304767,34.159927,67.552079,86.745804,98.352520
955,Elliott,34.842981,48.715149,31.009186,57.519525,14.325591
16,Ellis,25.045764,32.843782,12.115684,32.755556,49.929841
489,Ellison,38.235381,12.865929,87.329575,23.359837,52.273966
876,Elodie,42.899566,17.386858,80.681620,64.276291,57.725431
502,Eloise,33.690462,54.881415,67.190274,89.313312,90.155221
85,Elora,40.656564,51.781631,81.631868,64.081538,28.457924
169,Elsa,45.042452,20.231953,80.184511,36.615974,39.680190
493,Elsie,55.382110,49.359451,96.130232,1.785572,56.745885
414,Elyse,39.747244,30.465952,99.440119,18.707828,63.028426
624,Elysia,35.852724,46.834936,85.934335,42.346755,19.414731
911,Elyza,31.801606,24.757020,83.379885,9.022712,71.008139
297,Emani,23.217658,27.117070,13.461151,45.623032,31.470604
514,Ember,48.367498,29.881645,65.605900,19.628269,97.737601
477,Emeli,24.050704,51.297919,80.976957,82.042180,68.913314
54,Emerie,27.137169,18.546413,95.940216,79.276721,86.494692
371,Emerson,29.187982,25.290317,62.350952,48.809751,42.845420
74,Emersyn,47.377864,10.036393,82.685304,61.508375,49.177500
337,Emery,21.862888,33.553462,74.101734,82.068853,27.636366
109,Emilee,44.135700,41.431203,16.102206,17.815438,86.281844
699,Emilia,36.891861,46.120975,12.171289,30.654677,98.508759
776,Emily,20.367523,35.267404,26.555244,59.696937,36.088293
128,Emma,27.092750,16.740700,38.388621,29.267202,48.778215
353,Emmalyn,27.463086,35.546021,7.814370,59.950185,53.875989
498,Emmalynn,43.289060,37.837847,97.025832,55.854815,55.005515
334,Emmarie,31.940523,47.650805,87.442307,55.603644,76.028308
410,Emme,28.202110,19.320823,90.307658,73.090664,77.631205
424,Emmeline,30.916342,54.734421,13.185440,29.199310,68.530725
903,Emmerson,29.494147,10.349603,75.643913,46.620006,38.684574
58,Emmi,53.089980,34.798130,28.274273,35.224603,96.059103
327,Emmie,45.170502,16.849072,56.350877,83.717988,22.513003
366,Emory,50.644440,34.698265,54.185436,57.108990,45.855773
64,Eowyn,43.019566,46.938427,52.905351,34.592597,61.063326
692,Erika,58.521080,44.586452,29.181829,31.251961,31.110781
145,Esme,31.843938,57.882014,39.281221,91.474851,92.933877
157,Esmeralda,45.023499,32.274652,98.504030,26.624400,54.660787
687,Estefania,29.985161,27.408733,56.113490,80.725092,83.477366
249,Estella,25.395359,14.496852,6.713323,90.537185,80.414872
797,Esther,41.228913,20.415314,31.419054,37.937049,11.450522
833,Estrella,47.495265,15.040852,69.243609,65.684450,44.248972
661,Eva,35.227822,45.703283,81.468415,46.617556,97.780124
374,Evalyn,52.891977,26.876694,50.883204,79.729395,69.190933
451,Evalynn,23.862704,59.772592,41.967358,35.362035,19.909441
625,Evan,56.443216,30.249229,17.350626,90.002777,84.010101
804,Evangeline,59.823649,49.336605,65.178112,88.544586,0.910693
119,Evelina,45.277767,29.303581,93.290342,39.406564,78.466916
630,Evelyn,21.145379,45.225292,41.455646,57.120934,49.891430
639,Evelynn,22.778021,43.608720,83.614063,69.635206,42.429569
599,Everleigh,43.648265,24.313033,18.763539,27.301777,40.765386
154,Everlie,26.145302,25.824595,44.533200,83.495851,95.960071
296,Everly,50.640097,19.744266,18.708620,0.639795,65.967675
531,Faith,52.155374,23.438040,17.220887,60.373041,46.620507
37,Fallon,59.750801,24.548774,18.338843,87.359920,43.982743
688,Felicia,24.153435,44.673164,65.941748,85.367289,80.227703
306,Felicity,55.393551,13.059271,8.256520,5.794397,57.586471
857,Fernanda,50.773984,48.926284,38.011247,66.531276,45.768708
985,Finlee,46.095084,37.765359,24.183531,21.655091,84.537729
331,Finley,51.001023,48.323228,43.574440,93.340338,81.011462
326,Fiona,54.800006,17.761486,43.153390,10.431840,21.108651
445,Flora,25.842079,22.628925,97.604192,32.271451,7.867732
590,Florence,21.781468,17.361743,0.389209,44.673937,32.538779
252,Francesca,48.230831,46.507264,4.492353,10.188595,65.422174
794,Freida,59.162684,15.279864,72.936422,64.306219,77.412448
681,Freyja,56.055104,10.888955,30.394099,78.932427,71.990735
26,Gabriella,24.760671,13.033345,79.059086,38.337629,13.157032
749,Gabrielle,39.840996,18.795537,87.933501,73.551483,74.029066
1,Gemma,37.034044,29.308751,73.836449,80.865284,42.182271
518,Genesis,35.570417,11.745384,7.451068,78.781759,10.643358
29,Genevieve,21.449588,22.567767,12.028366,81.023447,11.059808
31,Georgia,41.969502,27.098563,1.567400,48.081064,16.338580
56,Giada,47.420356,28.289453,27.296633,46.038458,10.775960
937,Giana,54.376431,33.541554,57.956191,86.425728,19.708372
490,Gianna,47.439839,50.528586,74.017453,19.716954,52.655085
934,Giavanna,51.822671,22.765778,75.632527,63.979935,8.588873
303,Giovanna,30.191131,30.123024,68.601300,46.775549,20.204737
710,Giovanni,54.739164,31.610282,75.173158,96.316304,80.272036
484,Giuliana,22.983801,11.593973,2.197863,62.146112,78.091528
999,Gloria,38.439876,12.367375,0.070693,23.207951,55.918704
666,Gracelyn,29.330607,25.417768,3.494192,69.342117,80.063240
834,Gracelynn,51.454845,45.158509,67.649174,80.731023,87.456318
729,Gracen,31.858217,45.956386,24.863823,93.903034,28.009841
126,Gracie,33.818061,43.872973,4.973355,51.774403,12.080734
562,Gracyn,57.705084,50.786826,49.056446,55.485735,31.691784
237,Grecia,51.034178,33.915850,92.349623,69.277414,32.145262
321,Greer,54.854924,27.113812,35.177657,23.352029,90.340958
961,Guadalupe,47.520948,44.975241,21.612898,14.672413,13.547750
333,Gwendolyn,21.964287,52.729339,12.374902,18.526868,30.925632
491,Gwenyth,46.842706,22.130191,73.274399,41.210842,67.490300
332,Hadassah,41.800053,13.264581,33.570944,52.413738,56.356598
998,Haddie,24.322835,33.657437,74.658785,28.221435,58.510394
255,Hadlee,48.929383,29.717486,39.227789,71.368022,86.498925
792,Hadleigh,59.211497,18.260083,31.653165,35.715647,31.757265
732,Hadley,46.462505,30.301862,25.015510,3.288928,44.872325
299,Hailey,57.770198,53.566807,80.527089,11.271077,84.765620
411,Hana,55.179452,51.488655,33.935225,3.002453,31.222361
691,Hanna,41.005522,17.454345,89.296304,50.076406,46.938702
953,Hannah,22.640220,28.206773,57.608150,57.921599,52.295724
412,Harley,23.037182,56.598637,68.707566,64.141055,7.761429
726,Harlow,27.286945,11.036909,82.673534,74.185546,70.411915
247,Harmoni,20.375136,41.366056,99.750419,25.129063,12.205604
330,Harmony,52.978104,25.806691,74.201623,90.098885,84.098859
271,Harper,34.332608,57.616973,35.132040,58.539035,60.798515
3,Hattie,44.524373,42.624587,89.057860,30.067210,16.223557
871,Haven,58.815912,35.987034,1.752896,75.256665,66.382549
703,Hayden,27.414911,30.054435,91.086786,91.162404,58.007088
593,Hazel,42.937065,35.781493,72.242585,76.917141,75.752003
286,Heather,41.053109,50.729249,77.752058,47.083252,41.668456
281,Heaven,25.013714,29.374537,12.808226,21.532599,97.853319
399,Heidi,49.505557,50.492303,82.597574,34.745781,44.973922
549,Helen,59.536265,50.118653,44.145740,25.739570,93.263670
795,Hensley,35.581043,57.178129,53.451692,12.464937,95.264817
773,Holland,43.322442,35.700195,60.891134,12.752209,66.990172
513,Hope,48.828788,45.030464,59.989067,95.912489,51.259686
641,Ila,25.876871,56.271279,12.564192,56.575238,85.468981
848,Iliana,48.063966,13.505441,95.201625,20.015514,39.950795
362,Iris,37.040080,14.925510,45.987982,46.161832,98.913656
736,Isabela,32.116044,38.647319,43.079736,42.314455,22.637769
98,Isabella,54.272571,43.631245,55.711608,54.251214,90.087178
44,Isabelle,38.290469,47.643465,27.544193,92.425366,75.275664
485,Isis,44.241985,43.859329,89.354769,79.026965,43.952963
206,Isla,41.894463,44.370160,25.535015,87.550744,90.104793
724,Itzel,56.692741,25.811227,32.958641,1.010967,22.264476
88,Ivy,44.450847,34.098795,26.763139,51.795627,43.624465
702,Iyla,43.131330,18.387674,78.338006,51.235645,35.169822
522,Izabella,20.247247,42.891194,93.892873,93.259531,7.252788
988,Jacqueline,22.583724,58.612591,87.023511,89.425203,92.550409
68,Jada,58.000799,41.611941,77.556264,15.771477,34.447487
730,Jade,26.611065,25.765815,54.181420,28.222290,90.918237
746,Jaelyn,42.480252,31.164698,31.610691,31.557848,27.068496
938,Jaliyah,49.085290,48.816514,45.402280,39.418511,27.049413
647,Jalyn,52.260992,10.998161,51.419567,45.609812,45.283085
185,Janae,50.066653,18.880745,15.832770,70.574695,91.333471
450,Jane,31.614158,26.363472,60.468532,48.774347,91.695789
507,Janelle,20.477249,35.677498,82.808939,82.480086,28.388180
277,Janessa,22.398694,40.570335,68.078218,81.880307,13.513298
476,Janiya,48.606487,41.641890,42.650844,10.117468,2.484533
969,Janiyah,36.088920,41.274192,82.889403,50.278034,84.324105
917,Jasmin,52.127760,24.937005,45.510303,91.067485,57.958995
757,Jasmine,29.987577,12.804183,78.229365,57.875344,34.946067
942,Jayda,49.114863,47.231766,14.174173,16.602217,89.660103
627,Jayla,51.380362,47.663277,14.178716,32.656448,32.984760
799,Jaylah,35.932505,16.401707,27.685752,17.385490,26.252688
709,Jayleen,42.458879,34.348842,2.481806,36.682599,23.337450
25,Jazlyn,26.566150,19.800163,30.555097,31.088632,99.812207
406,Jazlynn,53.605491,18.350198,33.292486,15.272884,46.296326
504,Jazmine,54.946896,26.387784,68.090242,91.303621,41.318014
43,Jenesis,37.298243,37.891516,66.627867,17.393356,37.059740
193,Jenna,42.702187,24.906708,87.479736,51.978647,73.653227
869,Jennifer,52.420733,12.823466,82.348381,67.235863,93.354928
283,Jessica,27.741537,27.937924,90.846783,12.037756,32.761181
188,Jessie,54.478129,13.503141,20.897175,83.858044,74.248449
361,Jewel,48.339347,41.777627,25.873045,97.833715,5.124726
70,Jianna,57.444786,46.094031,19.734712,23.289975,88.909658
415,Jill,46.216787,23.456256,57.827707,89.848326,91.160823
268,Joanna,49.597938,18.923888,83.926460,26.741921,17.302893
6,Jocelyn,22.591769,33.015347,56.716749,58.812629,53.538037
813,Jocelynn,54.877571,26.996521,10.246154,86.937697,11.813148
994,Johanna,37.464235,17.790407,70.573030,98.561635,33.129097
793,Jolie,58.918546,36.524632,93.513060,95.238626,25.560612
939,Jordan,35.103166,11.408327,14.879707,33.266110,57.425240
336,Jordynn,25.932642,52.558805,46.664967,69.115124,74.880552
108,Jorja,34.579495,17.503151,8.620229,5.708059,83.419608
386,Joselyn,47.244579,44.555253,93.217317,71.730446,12.483481
534,Josephine,40.682443,49.112297,36.499339,57.663984,11.214272
821,Josie,58.643834,52.636889,83.130637,42.933949,47.275066
443,Joslyn,47.554778,20.765597,15.319164,73.134562,53.245362
220,Josslyn,51.546981,54.356582,83.684668,34.323247,72.938147
548,Journee,50.207877,16.764876,99.110102,54.971002,37.127470
339,Jovie,28.818942,16.234496,0.606087,8.659798,8.361688
603,Joy,37.740393,15.978546,31.910007,18.754968,79.348733
77,Joyce,52.263862,57.738387,43.678024,96.784852,34.188624
783,Judith,21.492974,42.641266,67.470060,72.320089,7.606417
124,Julia,57.563138,32.462983,22.341353,18.416917,74.674751
844,Juliana,39.165010,31.288677,57.261733,88.877219,38.601417
526,Julianna,50.488460,50.478910,86.391281,88.431390,57.730005
382,Julie,34.155053,41.773779,90.657917,44.266955,24.275381
690,Juliet,21.653352,36.009362,63.279766,5.530598,75.859315
853,Julieta,32.465583,34.779478,24.174932,12.996247,23.298308
940,Juliette,38.404968,38.980360,44.720038,6.760028,57.409944
472,Julissa,44.283878,22.239495,18.254894,81.712958,20.903971
164,June,40.443798,27.196760,99.846823,4.839939,67.051657
292,Juniper,40.703303,57.597752,56.633135,72.583856,94.760835
94,Juno,50.066087,26.920182,9.915458,69.759964,32.629064
617,Kadence,55.237967,39.743338,51.624574,21.596053,31.648991
828,Kaelyn,38.389657,11.255190,39.212102,39.258228,90.744754
565,Kaelynn,57.252100,38.075671,77.606488,44.268960,78.786336
686,Kai,46.892946,39.576145,47.449417,54.397874,30.612797
263,Kaia,49.727637,39.312730,25.365173,86.790493,71.175691
648,Kailani,44.893577,40.869788,79.698397,31.144906,93.565029
578,Kailee,35.341549,27.061954,68.858168,39.163164,58.368502
45,Kailyn,20.930430,21.418621,80.427936,63.913406,34.949656
262,Kaira,24.559303,19.236507,22.504796,82.360492,7.374865
700,Kairi,59.146321,38.157899,74.616034,28.455226,55.970542
422,Kaitlyn,39.160924,41.661261,54.931391,4.112105,33.407928
516,Kaiya,47.438501,47.500455,74.389350,88.810359,2.817024
758,Kali,48.613317,39.645242,50.737804,79.548751,64.754083
744,Kaliyah,45.226461,25.547716,82.656079,49.032914,57.362859
751,Kamari,28.573503,51.626809,23.973377,88.100154,87.895765
174,Kambree,37.300849,56.908881,4.093651,9.251362,27.529730
652,Kamila,33.881673,57.131683,62.737331,19.987732,16.417944
517,Kamilah,31.014600,22.047899,4.925848,70.123943,13.425291
291,Kamiya,29.571669,10.391209,76.443328,35.452645,24.221582
918,Kamiyah,44.763759,17.073779,19.978256,35.783480,73.193737
41,Kamryn,40.091715,20.841742,71.489049,49.276573,38.664725
81,Karina,45.171092,51.369607,90.529672,8.691177,61.463962
243,Karis,31.923325,27.353660,35.018281,75.184625,30.775924
100,Karla,44.961530,52.395613,43.432982,47.893623,90.963776
582,Karlee,20.397645,14.869091,92.894860,49.662177,95.737241
352,Karleigh,40.490645,46.049883,79.668987,34.657749,2.410511
178,Karlie,45.480832,20.459878,19.398953,61.483478,42.417242
874,Karmen,22.529090,14.524740,80.762455,36.106391,19.079703
434,Karolina,28.356862,17.828084,4.677090,45.354257,40.792756
738,Karter,21.367288,30.093405,12.199173,40.124609,9.551149
596,Kasen,30.399579,51.812338,36.526996,72.672119,29.146892
239,Kashton,26.697484,20.361967,13.043181,20.906703,91.411035
950,Kasia,26.481299,38.430241,92.990101,29.210798,23.763249
559,Kassandra,39.784555,15.642225,9.531879,8.684422,6.409206
405,Kassidy,26.155650,17.125591,87.656048,84.898848,62.968602
80,Kataleya,26.569772,23.452318,8.465381,90.737962,15.132590
677,Katalina,44.145342,39.868692,1.193576,17.144443,48.620828
315,Kate,43.867561,15.606544,79.532113,52.998270,84.214569
786,Katelyn,50.437009,57.377796,68.046642,86.588946,22.309390
367,Katherine,26.689663,29.284739,12.610502,7.627891,87.873596
313,Katia,24.068418,35.975639,36.250238,17.489394,16.905386
257,Kavya,34.069309,33.488498,61.995671,98.247550,17.159993
891,Kaya,59.619560,25.940054,64.272008,74.168284,74.071091
993,Kaydence,21.297665,14.811762,15.297081,85.353708,12.212162
83,Kayla,46.650450,36.313310,89.743137,51.276426,90.617541
82,Kaylani,21.937026,10.451102,71.874374,14.575998,34.821486
396,Kaylee,28.388368,47.934319,53.011395,26.717925,51.649420
15,Kayleigh,25.076402,10.237962,77.779971,48.892067,41.441046
497,Kayley,22.811016,38.666316,8.192191,4.367795,6.667898
160,Kaylie,55.837738,50.160226,20.726086,13.558823,96.179504
153,Kaylin,37.916575,35.944474,49.127609,6.510726,5.338357
307,Kehlani,43.514002,59.110210,35.763376,49.398331,51.147728
678,Keilani,37.724251,21.130136,74.561681,48.146791,44.372603
825,Keiry,50.861915,12.177376,72.550911,64.037090,15.976990
226,Kelly,41.728628,47.002609,82.890157,15.156793,34.658453
2,Kelsey,54.269550,53.156890,41.654860,65.807159,35.589637
428,Kendall,39.484806,42.402354,63.456458,99.279292,94.085871
107,Kendra,20.599006,19.313106,55.201571,11.670313,62.963296
832,Kenia,48.466155,19.693836,90.085174,98.459549,93.737703
488,Kenley,41.067322,29.090625,0.394177,12.296223,57.173824
421,Kennedi,37.524211,15.433131,71.042953,16.758333,6.614719
843,Kennedy,26.995221,26.716681,41.787565,9.306887,3.210928
537,Kensington,22.955293,12.455198,14.330036,89.053430,2.133124
418,Kenslee,26.041020,47.021318,57.627605,40.853657,17.653214
494,Kensley,36.268533,59.303968,60.667346,77.876553,61.834464
646,Kenzie,56.055560,38.419285,79.702450,48.564870,57.960923
189,Kenzley,57.163047,54.232801,49.381599,72.684453,34.793308
963,Kenzy,34.582423,36.772244,78.026969,9.590476,84.562096
323,Keyla,20.931256,19.756545,93.468820,60.562945,43.320590
176,Khaleesi,40.179203,27.263806,75.815741,52.201532,28.727417
199,Khloe,42.113285,54.997805,40.868295,63.381031,54.736772
846,Kiana,52.259456,12.813238,39.067627,76.308405,54.569965
659,Kiera,57.552203,32.346130,97.403810,70.591783,13.094457
721,Kimberly,47.490119,47.484989,12.357749,56.442196,86.123213
865,Kinley,43.155428,20.807080,52.067509,93.786030,50.399368
466,Kinsleigh,46.511375,21.081348,79.625191,21.979039,59.203821
60,Kinsley,28.026850,12.371946,71.450531,85.309404,30.482093
460,Kinzley,57.441444,50.937466,11.500614,56.594568,92.339299
389,Kira,24.430650,44.478995,18.372288,81.896269,0.148810
413,Kora,47.785871,21.455098,75.893939,12.856071,85.526917
464,Kristen,42.398078,58.119600,69.577612,88.337244,92.838639
712,Kristina,51.726485,28.636279,80.315334,75.325748,93.770453
142,Kyla,40.373550,34.714586,84.236666,5.926612,32.207303
784,Kylan,28.850888,48.737070,58.663295,42.234627,1.647058
835,Kylee,49.348848,28.653078,12.510871,12.222296,89.084788
856,Kylie,31.194176,44.889490,77.674190,15.044540,38.170345
240,Kynlee,40.577856,41.828465,69.511623,22.294873,99.410626
463,Kynslee,39.610555,11.686442,13.124214,41.356920,89.749220
40,Laila,54.945523,22.873523,4.154789,49.090402,95.505019
499,Lailah,43.065487,38.549189,17.822109,97.310953,75.645408
908,Lakelyn,34.118667,42.360188,48.105238,5.064723,58.429298
272,Lana,50.869214,11.417975,53.620609,17.412284,51.190323
760,Laney,32.665659,36.843104,77.595979,77.286963,41.764321
462,Langston,36.990558,25.785423,55.279023,21.823528,42.595726
977,Laniyah,33.647494,40.718006,51.802431,70.437372,87.342845
557,Lara,22.692300,52.959020,25.357569,41.326048,16.632739
883,Laura,25.894322,20.326387,48.654214,73.347661,26.833388
894,Laurel,59.344462,27.940148,57.621269,57.503821,52.237029
111,Layla,46.177882,47.122886,62.896417,36.437650,46.782613
38,Laylah,37.599032,16.189421,56.021859,31.764822,98.376037
340,Laylani,28.336023,14.318404,63.631225,53.680651,74.049961
979,Laynie,57.117161,42.095725,59.429612,18.896968,64.010900
966,Leanna,26.562899,56.289576,14.482148,71.821041,43.406720
626,Leela,32.020067,55.599277,55.350286,16.274933,75.245189
101,Leia,21.105982,10.609621,32.590863,22.539639,21.017739
572,Leigha,45.169434,50.520530,2.882342,19.924088,65.663088
196,Leighton,40.428483,45.678253,3.647834,3.527089,55.820777
18,Leila,58.214813,46.227622,82.377825,30.774859,27.647128
637,Leilani,45.360479,44.495529,54.426621,49.438238,2.980392
7,Lela,35.381211,38.915048,7.073725,55.120083,19.747955
820,Lena,26.915081,31.921540,93.022608,44.614927,79.267136
113,Lennon,42.490722,49.243568,56.893221,80.115494,27.646290
251,Lesly,47.660920,34.202041,97.425450,87.303747,93.618857
322,Lexi,41.835907,49.896662,46.511562,96.761082,74.734951
943,Lexie,38.145258,14.456457,54.948154,67.619860,2.750671
112,Leyla,51.284625,11.606532,38.837550,16.544025,98.933912
533,Leylah,55.228887,29.478205,8.469849,13.672481,75.130737
73,Leylani,41.529955,59.062360,74.977194,40.542578,92.272697
667,Leyna,27.198567,57.432141,69.474433,59.829455,80.730194
168,Lia,52.301101,24.533649,51.245039,49.387575,36.342587
695,Liah,58.516622,38.715125,66.972878,9.420719,31.867822
762,Liam,20.982209,11.856748,9.907479,23.978874,96.404657
959,Liberty,22.900932,29.618845,43.875823,47.469825,62.799851
467,Lila,28.536461,50.140794,96.747967,91.539290,71.605394
379,Lilah,44.956159,38.788852,3.672452,91.788463,51.073796
535,Lili,58.058451,58.728273,25.400119,65.560408,26.707531
929,Lilia,24.280793,55.537940,24.407882,34.603568,80.019273
594,Liliana,53.663276,40.627795,55.019144,12.360930,92.411226
990,Lilli,20.934578,19.423162,28.254726,66.561531,64.963725
629,Lillian,54.234257,34.832892,99.370245,10.961158,17.908945
158,Lilliana,41.039698,47.002448,5.180725,98.158125,43.891868
223,Lillianna,36.646572,26.979135,43.204432,40.579744,73.149573
209,Lillyana,46.463453,40.194794,32.239276,4.004824,57.999259
643,Lillyanna,25.839703,59.566257,53.036868,87.959520,27.600709
442,Lily,42.612362,49.428368,71.917534,26.086714,48.686593
373,Lilyana,46.497618,44.474894,50.331534,4.059875,4.811027
987,Lilyanna,29.933296,27.760588,65.273639,64.279547,38.953706
264,Lina,23.883204,35.948069,36.842337,88.587920,10.524225
316,Lindsay,31.662406,34.363303,34.163853,84.496463,13.104055
97,Lindsey,22.453605,46.981429,40.910743,73.281470,3.940362
35,Lindy,30.287287,31.453529,20.567094,54.106175,23.955804
718,Lisa,20.211785,27.431589,92.275720,4.398341,8.615362
859,Liv,58.196380,36.476178,62.948792,42.479277,63.255679
171,Livia,29.263044,47.149291,18.229741,35.299717,32.856243
198,Liviana,25.435293,21.494779,63.846711,21.217848,42.548945
991,Liz,45.151869,33.682239,9.388664,99.393038,53.193415
381,Lizbeth,29.175534,39.668084,23.066327,80.466041,44.027710
551,Lizeth,24.312276,47.820762,64.403440,87.402810,39.919611
602,Logan,23.071517,23.184192,84.568508,96.136978,84.649683
211,Lola,28.999923,12.065477,60.613996,66.782772,36.308471
228,London,44.458154,56.699455,77.117021,30.368804,88.432962
370,Londyn,42.952457,55.965982,7.286715,14.624082,49.287197
801,Lorelei,20.034105,24.420929,38.113822,95.071188,75.079402
715,Lucia,51.459214,17.090524,84.686259,43.172232,59.750424
620,Luciana,50.946217,23.330102,98.747872,4.585627,56.563275
996,Lucille,28.456710,54.493606,55.737578,35.521891,58.430351
808,Lucy,24.038196,31.978570,98.211694,15.473024,93.665847
125,Luisa,34.931159,36.014043,24.694301,96.028736,40.337993
665,Lumi,25.216058,39.890387,66.953979,10.681184,54.103468
528,Luna,24.268593,30.359383,44.592368,12.944907,54.608078
642,Luz,38.476339,18.632750,78.558899,77.888679,94.974492
782,Lyanna,44.092024,21.479024,40.469685,52.303112,35.035643
478,Lydia,47.401807,58.177432,4.097571,67.816198,86.584004
380,Lyla,27.547804,18.639278,46.059857,71.743226,34.939827
448,Lylah,26.674962,33.731731,89.696153,88.519854,33.070666
728,Lyra,25.172710,26.355635,64.644928,40.136235,97.462066
274,Mabel,42.428888,28.605343,80.871584,42.093966,45.571437
420,Mackenzie,48.214498,57.051073,56.410681,18.101343,8.193378
708,Maddison,31.485108,33.541739,84.559670,81.535046,87.618533
309,Madeleine,35.783558,59.750492,85.437263,75.111462,77.025820
407,Madeline,45.749003,35.056069,45.783516,2.739917,10.660501
400,Madelyn,46.133633,54.607801,72.443529,56.707405,46.184978
858,Madilyn,46.970173,42.898699,12.584230,46.977577,83.661776
114,Madison,59.443549,59.537592,95.713031,79.967835,10.580002
298,Mae,54.858284,13.662250,84.174753,91.583763,25.979627
87,Maeve,42.246859,17.060016,67.209626,9.839480,58.956839
952,Magdalena,48.087101,35.656337,73.102161,94.743125,1.848588
679,Magnolia,44.338837,26.668215,80.475431,57.840616,68.789969
984,Maisie,23.436131,17.695701,22.970221,39.463937,98.029108
823,Makayla,49.509713,16.573717,23.089616,54.085322,90.859791
791,Makenzie,35.344342,48.125874,29.859084,52.682620,78.454382
622,Malani,53.689368,59.163093,73.336690,20.670765,9.617875
893,Malaya,51.025936,43.504411,43.340781,32.198319,45.354349
654,Malayah,44.548627,31.505186,45.679735,33.131527,85.498424
392,Malaysia,33.414943,50.626225,84.912474,61.791087,31.629333
471,Maleah,47.969317,22.363757,64.552506,96.342517,53.155939
898,Malia,53.893342,39.123677,40.217266,8.809115,1.389334
806,Maliah,59.474792,50.198126,37.871898,38.774328,1.080315
358,Maliyah,21.164589,53.374129,51.314299,30.346671,25.139989
634,Malka,55.511817,41.343491,32.210155,98.890672,85.871008
525,Marbella,45.797104,47.043939,14.393075,38.148470,93.262296
482,Marceline,37.741373,32.640062,90.802974,76.636502,89.582116
882,Maren,35.601235,54.376452,75.183770,44.806942,92.928528
675,Margo,33.771494,53.786911,75.349461,43.529987,43.236855
285,Margot,22.429701,51.754343,70.333221,61.568116,60.602161
923,Maria,59.701663,23.095251,39.296680,93.405789,75.250491
847,Mariah,52.173562,39.799813,85.794962,34.969218,65.558310
787,Mariana,31.817869,14.952638,17.863024,95.050464,66.302604
205,Marilyn,41.079376,54.081366,73.290801,21.582783,10.609712
873,Marina,51.980779,19.566081,40.877935,34.096496,24.288244
225,Marisol,23.023611,11.251391,23.133665,83.709340,0.526450
672,Mariyah,35.977054,21.990158,52.195851,20.906649,86.711427
131,Marleigh,27.366911,36.939883,86.475248,94.993855,18.186683
137,Marlen,23.476406,12.933519,92.533529,30.610808,80.841691
152,Marley,54.296959,34.070741,46.395753,79.825840,11.334119
552,Marlie,38.938891,15.954089,40.068065,68.867011,73.528074
34,Marlow,23.608350,13.874875,3.385844,53.820045,56.907592
197,Martha,58.385760,19.201694,49.332460,13.673335,99.044222
512,Mary,29.235744,42.436135,18.807845,47.900977,25.089013
570,Mavis,59.020383,34.517911,10.980512,22.512355,96.629416
689,Maya,39.078228,28.240040,4.231726,61.864227,5.672905
118,Maycie,20.765996,24.143764,50.358678,92.286582,31.008040
387,Maylee,27.352914,24.863672,5.232299,87.093418,33.735737
441,Mckenzie,48.964523,43.766623,74.376691,93.462184,21.804636
270,Mckinley,50.171540,31.514139,44.156899,33.727619,48.270516
325,Melody,55.177703,32.727791,13.431221,45.644556,59.939061
713,Mercy,55.407081,47.994985,90.738824,27.131996,73.127187
402,Mia,49.240161,22.218119,80.795025,28.520268,67.989693
49,Miah,51.262872,47.537959,13.170385,63.893068,60.240385
717,Micaela,34.068739,35.084699,44.002299,99.208899,98.259180
208,Micah,52.345687,59.827662,79.869538,67.502364,79.307896
487,Michaela,26.291433,34.867532,60.375933,27.272455,93.306954
771,Michelle,38.690724,28.598164,71.029838,26.952648,12.526330
46,Mikaela,41.052792,56.402662,39.833262,27.308046,51.448996
436,Mikayla,46.411587,59.919394,77.231647,80.708437,98.413215
236,Mila,23.939834,43.404391,9.444747,23.916831,53.979727
564,Milan,23.466253,37.855115,87.348471,42.747056,62.324560
63,Millie,47.396305,16.908908,64.179982,69.198234,8.765406
798,Mina,29.245884,50.243316,96.850297,81.994894,48.086277
453,Mira,37.844986,28.505241,8.310872,20.743405,71.188072
103,Miriam,40.242547,31.967983,33.669257,52.929026,44.275322
650,Miya,49.401958,16.628419,20.844310,32.729856,80.356284
28,Molly,49.217096,35.562273,88.539059,62.956489,27.481762
12,Monica,49.144199,20.539796,5.580737,34.018672,86.615752
958,Monroe,45.326317,17.570269,69.082088,75.719374,34.868998
836,Monserrat,46.572686,35.269217,89.090337,19.857444,93.322444
520,Morgan,45.573617,51.193868,24.654899,44.363250,49.931138
946,Mya,54.892355,47.809301,4.638101,5.072837,91.474330
861,Myka,21.686217,48.800359,46.223220,97.351438,89.584481
660,Mylah,55.476343,30.285110,67.883054,61.939210,37.961403
134,Mylee,47.047491,53.015494,76.987757,29.755655,28.979591
585,Mylene,51.807062,58.589515,12.622132,80.543460,60.854594
78,Myra,37.854942,37.782514,79.818746,28.108683,63.049145
927,Nadia,38.455669,49.540978,88.874754,57.148094,30.874247
344,Nailah,27.730025,52.013705,73.062547,68.090437,79.352889
829,Nalah,56.829335,36.063157,38.860876,53.548712,62.210681
683,Nalani,33.021511,17.587347,75.518384,16.153810,18.153300
289,Nancy,20.276056,22.547573,1.284774,6.674965,58.585942
30,Naomi,50.643088,17.562702,3.452237,88.394903,79.386949
378,Natalia,59.805221,10.306573,5.300805,31.239687,32.989908
658,Natalie,59.897143,36.504483,12.775797,40.975929,33.603497
248,Nataly,41.272527,13.754686,53.787753,0.768743,19.601111
870,Natalya,57.654207,32.971029,53.350758,83.163371,32.510923
978,Nathalie,28.499826,37.906557,68.076856,22.106310,61.315868
587,Nathaly,43.944457,48.159881,58.307365,28.883165,1.968605
130,Naveah,33.311397,11.722347,79.518754,70.533752,3.122357
21,Navy,29.699224,32.083237,20.982085,93.826983,38.658523
754,Navya,44.268801,42.643236,35.762517,97.712100,8.481076
615,Nayeli,28.851598,59.411039,37.947725,52.351051,95.136146
284,Nevaeh,52.330211,26.823009,39.885418,52.146296,75.576213
997,Neveah,48.277929,37.997375,81.291046,37.048536,80.908935
577,Nia,58.306438,41.791992,41.192054,31.292368,54.702554
39,Nicole,29.476839,14.776770,5.184321,1.803599,69.734911
210,Nicolle,37.543387,32.071905,13.280882,44.815913,22.275437
254,Nina,45.528291,20.351964,56.645275,4.588529,75.245163
914,Noah,56.211875,37.926060,20.710550,25.171603,46.352135
8,Noella,54.444743,54.183175,31.628617,40.724329,49.218050
855,Noemi,55.883015,18.591732,81.553281,10.717931,27.887815
409,Nola,58.492196,18.277513,62.269464,31.467840,81.548920
645,Nora,20.171174,41.708984,93.713975,0.624392,86.715518
147,Norah,26.430678,27.711085,75.209600,91.992834,47.803142
65,Nova,36.904248,13.932845,22.794993,1.835813,31.721505
901,Novalee,39.321390,38.779622,54.861834,35.125392,1.163073
610,Nya,33.916498,42.844294,95.911764,61.382242,11.513509
949,Nyasia,36.106436,53.702136,74.291112,6.420591,81.979292
456,Nyla,47.234909,25.208881,75.307972,53.711791,70.226867
900,Nylah,44.971714,37.601012,94.032252,99.483774,45.724042
841,Oaklee,30.609984,33.434550,99.342695,41.997426,82.422686
838,Oakley,29.644550,30.580433,3.063030,13.749833,87.819739
447,Oaklynn,51.818522,31.162206,0.352053,63.175180,6.608774
576,Octavia,49.689531,32.318207,40.160784,17.406528,70.152568
260,Olive,23.279948,48.523288,48.612265,7.097385,48.865209
27,Ophelia,55.224176,12.371140,15.876357,5.233031,9.829822
814,Paige,47.248349,38.348701,68.319127,5.293706,46.463566
89,Paislee,24.345038,27.581769,41.564882,10.268539,57.826778
473,Paisleigh,59.875068,16.125827,62.146796,25.805875,70.442044
13,Paityn,34.204894,17.969059,61.000689,52.302363,88.860573
962,Palmer,35.551761,12.525614,40.991039,99.949103,65.064999
919,Paris,45.612180,58.329949,18.263246,43.810426,36.352748
884,Parker,56.876251,26.317197,92.442597,95.612601,49.579400
863,Patricia,33.070419,46.005494,80.850366,16.644027,90.648317
957,Paulina,29.865011,53.432279,64.027200,53.190834,8.569871
305,Payton,23.229556,36.093800,1.953592,96.204692,50.544763
546,Penny,40.678135,25.785319,67.475083,20.000544,94.894534
280,Pepper,32.080707,29.479560,86.752190,85.919032,92.189924
200,Perry,32.600275,49.511520,76.984541,57.913789,12.146956
455,Peyton,47.979141,28.674760,1.910693,28.100448,75.721277
902,Phoenix,50.598019,51.932726,12.074098,86.583023,82.421133
519,Poppy,52.862353,56.223380,69.064765,23.147910,18.949550
561,Posie,37.555080,39.226179,19.003900,94.559777,47.540001
22,Preslee,46.079504,12.970201,1.788757,33.207990,9.318488
123,Presley,21.089677,34.274663,44.827071,99.181036,37.634190
515,Princess,40.457325,29.979049,67.306275,80.490642,3.033449
981,Priscilla,20.716465,12.706716,17.935276,40.248063,85.291204
51,Promise,31.604049,55.258824,50.136169,0.468084,8.865013
279,Queen,51.164836,19.369203,38.442284,41.225478,72.932306
266,Quinn,53.940783,36.172290,37.950375,95.189831,29.896522
117,Rachel,23.662318,42.395990,46.966609,17.831559,39.491568
767,Raegan,59.666860,51.880523,27.012751,25.277848,76.708923
403,Raelyn,34.074563,49.881101,54.700461,13.945531,21.910629
391,Raelynn,28.188924,40.461277,28.272043,8.451535,96.974645
974,Raleigh,40.326663,28.154638,43.791698,22.834396,5.307202
180,Raquel,46.815610,20.155517,28.555006,13.991163,7.910407
166,Raven,56.939941,50.653686,98.076992,52.074973,61.455236
631,Raya,55.410838,30.015661,21.187793,53.392832,79.455008
571,Rayna,54.671546,15.633342,71.402565,65.686603,78.989169
342,Rayne,30.043694,44.598086,49.470132,84.181637,23.162264
711,Rebecca,55.280850,46.106922,32.954642,76.883859,52.494353
139,Rebekah,30.152783,43.290079,43.906374,57.847262,65.396148
192,Reese,44.082683,54.633822,40.028671,55.520171,13.368928
574,Reeva,31.251612,11.894180,35.803305,87.457807,3.854667
102,Regina,46.447602,11.116668,79.552449,56.417991,20.680816
229,Reina,24.999070,52.754253,75.931130,45.433523,51.220266
328,Remi,32.348500,19.833121,67.158893,1.603232,50.945162
335,Remington,49.562778,13.257315,28.482351,92.773110,68.677147
120,Remy,46.279677,16.184646,33.617642,57.790549,80.463164
470,Renee,53.572549,18.452116,15.798694,92.970040,69.635265
150,Reyna,22.387863,48.176660,64.038751,79.495930,74.782733
500,Rhea,48.577900,31.856074,23.663187,2.548087,95.854937
183,Rhyan,39.661785,31.198361,22.632103,89.861429,55.639896
55,Riah,40.567312,53.905815,75.132486,41.248828,3.335619
896,Riley,30.509176,35.415082,37.590695,13.804523,10.157170
181,Rita,40.624166,57.750511,0.472142,56.578998,72.555309
11,River,41.579002,30.724603,30.338382,72.353244,29.153230
621,Rivka,25.868487,40.154791,35.279183,6.252930,42.356712
854,Riya,57.045188,20.775717,55.330779,7.540175,94.004463
970,Rory,44.137769,13.657954,34.124090,82.435627,94.700647
837,Rosa,50.040134,26.806566,20.506769,21.274302,88.960376
818,Rosalia,54.877221,29.742781,7.885431,41.462513,10.150790
390,Rosalie,43.102019,48.773089,28.268529,93.850350,3.034907
217,Rosalina,29.888528,25.559514,32.203133,53.254744,7.063766
314,Rosalind,41.986048,11.327414,66.656437,80.839967,92.844234
769,Rosalyn,54.303167,57.519343,51.540453,55.580403,99.541245
250,Rosalynn,41.402411,36.170877,21.880573,47.219628,49.630989
474,Rose,23.431825,26.544375,49.469929,6.005065,60.781184
496,Roselyn,24.692338,27.794364,11.677846,22.909277,71.181059
24,Rosemary,46.373712,47.745086,73.284680,73.265744,28.928681
259,Rosie,49.180482,49.359388,13.688673,73.354542,84.181521
598,Rowan,43.639018,21.818972,2.927958,92.139349,32.243314
133,Roxanne,37.252753,48.825276,32.448992,62.625980,88.567679
954,Royal,30.553789,52.439379,76.626811,7.492003,7.600783
167,Royalty,37.745016,48.869247,13.325261,72.511592,33.172928
775,Ruby,48.768278,16.951650,86.349059,8.483868,24.650328
231,Ruth,29.563765,26.898053,0.239937,47.358308,99.489080
365,Ryan,47.343328,53.359208,18.127574,32.681142,53.325631
951,Ryann,35.493264,29.411662,13.643817,14.712631,11.957642
569,Rylan,37.986063,57.751524,2.783669,51.890042,22.925082
187,Ryleigh,50.527337,49.005136,47.630111,36.026139,32.221984
612,Rylie,25.236290,54.259409,57.179592,31.130942,75.132666
563,Rylynn,42.969355,21.874712,60.591863,71.953349,42.595756
888,Saanvi,48.422946,25.349601,77.737813,92.732678,72.923705
461,Sabrina,50.536644,29.138450,93.041335,79.620360,12.949484
350,Sadie,59.410299,10.600611,8.459215,35.062333,11.290074
146,Saige,55.804631,56.011605,26.083219,99.860780,99.046704
595,Salem,36.942551,27.791436,41.808472,32.033050,90.279509
750,Samara,54.767835,22.132969,93.141012,56.796215,18.391044
662,Samaria,54.996303,42.535638,29.877379,99.391873,48.406237
536,Samiyah,59.785051,16.060481,56.740735,71.365094,7.527348
916,Sanai,32.609214,21.212525,69.084868,29.075149,78.990583
707,Sandra,21.175123,12.275051,62.563471,6.474322,78.082718
924,Saniya,50.863027,24.625339,15.392479,94.970174,64.623917
511,Saniyah,30.338142,48.141153,95.499837,91.642896,76.677261
971,Santana,45.593749,25.234312,36.640650,97.094046,5.185605
529,Saphira,50.944053,40.393090,5.293240,81.737643,97.641393
393,Sara,20.775336,27.843521,12.236979,19.760766,41.574632
356,Sarah,27.934123,24.935957,75.811969,26.410841,58.839203
983,Sarai,20.207849,17.266872,98.078538,28.735391,2.820718
276,Sariah,52.023974,22.120555,78.823714,8.494466,8.143021
800,Sarina,20.395944,36.456747,71.924626,58.766906,4.715528
144,Sariya,48.233176,43.194509,65.174949,92.434818,33.039645
302,Sariyah,46.949863,10.591249,77.118252,35.492692,12.659686
372,Sasha,21.009202,31.135379,15.891260,90.230898,42.960184
195,Savannah,28.387253,31.106456,68.306529,33.109935,99.287020
190,Sawyer,55.753624,52.050538,13.106127,73.096569,69.367547
435,Saylor,25.597292,59.705665,96.582796,63.317555,54.790969
4,Scarlett,58.247737,56.524550,32.232251,98.350927,80.990574
480,Scarlette,38.249404,29.826812,12.707297,52.876777,49.335475
803,Scout,35.456095,51.306296,45.000429,69.114233,14.142257
253,Selah,47.266503,47.934526,68.450035,46.945405,96.070064
105,Selena,39.272828,12.220184,14.770181,71.456043,95.664732
852,Selene,44.732086,55.795256,24.007675,47.739678,42.338504
363,Seraphina,23.918711,48.463147,36.015014,93.931247,73.215059
680,Serenity,48.577026,48.629234,81.021162,19.449320,80.925916
772,Shania,49.799168,20.395331,11.070018,12.105307,17.080915
62,Sharon,37.661351,42.709419,31.911575,45.110376,17.888428
573,Shay,25.897176,55.471873,13.974663,62.255394,37.276161
202,Shelby,41.247075,24.304595,37.207830,89.285650,90.996150
71,Shiloh,24.286325,34.718635,7.108254,30.154028,27.616012
764,Siena,50.889561,44.304254,77.639331,54.424157,71.215687
61,Sienna,50.942192,44.552683,52.673343,59.909093,97.443487
879,Silvia,42.467966,30.044550,37.536327,16.177846,7.765907
318,Siri,51.690483,30.675457,38.222095,79.816427,40.700006
50,Skai,26.589281,56.046756,58.596233,65.071140,26.442758
768,Sky,59.118012,15.577472,20.432774,64.279794,74.858334
287,Skye,45.293726,52.215902,91.448235,17.534281,63.770273
161,Skyla,30.125894,46.011494,88.065519,41.497890,73.340514
348,Skylar,55.632280,50.127633,2.803067,81.341820,13.819632
241,Skyler,34.208766,22.377872,57.040151,68.983844,23.343487
532,Sloan,47.225881,10.690879,74.867353,60.866351,59.015623
906,Sloane,23.595091,49.263275,17.931875,95.907694,66.223932
20,Sofia,31.624732,18.653534,34.552391,94.970211,79.107005
505,Sofie,46.318677,51.655631,98.292511,99.796771,29.769686
866,Sonia,49.392862,10.501463,61.868642,26.079950,66.251273
653,Sonja,21.846178,56.531832,44.523129,25.287231,79.694261
676,Sophia,48.227494,44.550832,17.332676,8.550979,0.368723
256,Sophie,21.560183,31.026097,53.825524,0.564311,42.617457
338,Soraya,56.420797,43.186134,91.128160,69.738795,64.972129
725,Stella,49.738600,30.014001,50.468654,57.808240,13.314363
454,Suki,35.127659,23.829765,46.476355,64.651336,73.593254
701,Summer,28.747086,57.415221,35.741854,90.231485,92.434744
295,Sunny,44.619303,49.239811,60.092911,11.924822,77.081128
714,Sutton,33.815125,44.907316,2.557055,79.548015,87.696366
538,Sydney,51.365754,37.304439,65.307267,11.583937,91.178824
868,Sylvia,38.702919,46.834229,20.055788,55.864900,98.420929
530,Sylvie,46.654096,57.459254,27.742810,94.402060,98.475485
311,Talia,51.687549,27.213817,3.323612,43.881094,56.085829
550,Taliah,52.896746,17.240014,21.089741,71.146022,8.123116
748,Taliyah,40.887502,22.959199,90.072785,15.391314,42.771842
674,Tanya,48.657224,27.820200,82.384254,13.795069,89.761645
965,Tara,47.126928,41.482866,90.915536,53.293486,63.184855
945,Tatum,22.590196,42.891369,97.019399,14.811331,18.240213
523,Taya,37.168073,59.932175,34.237782,78.746820,98.254068
227,Teagan,36.725468,49.271100,34.294548,86.868487,90.730229
375,Tegan,37.937658,27.988916,28.959860,80.539027,64.532487
606,Tenley,38.334580,26.757369,35.708080,53.295978,62.944908
619,Teresa,51.165769,42.563987,28.051443,46.544640,82.679047
301,Thea,33.573465,44.505177,79.914009,93.544486,12.904546
895,Tiffany,46.541226,33.069933,17.968836,60.999103,32.300589
887,Tinley,49.502261,24.102260,46.438480,3.102650,22.317219
308,Tinsley,58.715575,11.822594,81.041245,0.570343,19.153569
915,Toni,36.740708,52.151459,3.344298,64.983858,27.094462
194,Trinity,31.616149,16.992291,55.519963,34.363212,33.314538
839,Twyla,54.988567,55.700483,12.071302,61.702955,39.422883
345,Valentina,56.421107,16.996683,45.564135,5.052113,63.435613
19,Valeria,48.294929,44.932286,8.224737,68.793467,33.675582
357,Valerie,40.884269,26.465250,92.029288,93.117318,6.523962
936,Vanessa,32.020637,24.093689,86.156572,11.341829,94.172587
212,Veda,20.486869,22.215625,40.463218,89.895140,31.925477
840,Vera,52.932585,58.712329,62.422278,25.261001,48.191159
739,Veronica,38.245136,30.543721,82.048697,70.096164,9.554375
875,Victoria,25.656738,10.312315,28.027223,79.189413,28.286031
258,Vienna,57.237115,18.870369,22.391934,61.344004,96.567651
756,Viola,37.569670,39.778056,57.173568,3.575890,98.751235
141,Violet,21.435564,45.449822,68.950457,43.299265,62.744807
774,Violeta,25.912206,10.221753,49.250316,35.508792,54.676305
290,Vivian,33.974669,22.489706,43.214118,12.746869,49.961715
543,Viviana,43.706101,47.041493,26.000172,39.890715,45.195293
822,Vivienne,22.094328,13.735859,66.609762,76.851441,53.187414
604,Wendy,23.123981,50.714039,40.798572,2.350431,67.814212
215,Whitney,50.727812,53.255275,25.408649,67.718653,57.586385
430,Willa,42.511076,19.743802,86.050686,73.048200,73.788849
364,Willow,22.382144,31.008290,20.521561,69.802661,25.683801
419,Winter,37.366364,48.880267,93.882190,4.787692,55.584876
162,Wren,30.911713,29.226673,45.197390,25.289001,54.989680
395,Ximena,25.403836,57.979218,41.288778,33.952553,9.838752
221,Xiomara,39.059435,55.039823,86.284210,8.181005,46.208378
503,Yael,22.007377,46.029045,11.845234,13.778724,97.646850
734,Yamila,25.781844,23.944868,65.750464,17.153988,58.550663
14,Yamileth,49.161807,48.236627,84.561710,6.555123,80.969607
173,Yara,40.158121,36.934854,70.621801,9.398117,50.937023
778,Yareli,37.238708,49.316830,47.261653,72.750701,33.932378
824,Yaretzi,43.353122,28.512163,90.105134,4.047727,67.281472
849,Yasmin,30.971285,58.148615,78.183382,57.601170,86.714504
72,Yasmina,45.225077,57.380774,55.629366,23.925715,83.914665
932,Yazmin,31.760275,24.411674,4.546777,17.878662,81.439328
398,Zahara,55.369253,14.912970,18.425556,23.922427,63.881485
1000,Zahra,29.071336,28.502154,85.897413,93.190927,14.393819
682,Zainab,43.289620,48.880830,70.583580,56.262848,35.688965
670,Zamira,25.686022,52.975065,80.992963,34.882662,8.056791
90,Zaniya,31.976597,18.268212,57.279078,61.981601,77.527435
633,Zaniyah,35.726604,33.617297,5.162084,11.763762,20.194939
244,Zara,26.416967,13.422645,49.025283,55.319113,32.607263
743,Zariah,43.684934,37.511276,21.132691,74.023074,5.483271
704,Zariya,25.285497,41.561765,95.088852,69.377691,93.916652
438,Zariyah,25.845427,57.579441,8.706747,92.649860,77.418857
812,Zayla,53.499825,13.007632,70.909796,2.938676,26.016044
867,Zaylee,28.818103,32.745981,4.557199,24.703251,99.808722
510,Zelda,56.372922,33.283116,5.471253,79.888513,11.009133
605,Zinnia,42.831031,52.975030,20.529200,89.906667,7.933751
449,Ziva,41.846809,35.200971,10.424899,10.954580,34.725823
584,Zoe,56.145435,24.280836,38.471405,24.951815,93.826486
106,Zoey,31.063489,57.449649,16.931446,1.631682,77.613415
179,Zoie,43.014403,59.939350,97.469698,88.618081,94.555250
32,Zora,22.922669,29.338323,66.125951,87.122308,36.693084
184,Zoya,32.249023,19.891772,28.491096,39.758342,11.709256
304,Zuri,53.203337,27.227325,89.623385,68.239502,24.212345
